R = [ 48569244180151557205855904296808011040310995626104180491157243372509052545941856322458676083637192423759673249488348244220016168699221727901608142636001227515271570470832957720323162015971262916929310707561503164723954043820660896942792324593262461443662124187475159194385198887788939215142063719188348359051,
399560428917764748532974912549579755263000603891290776423346071350694440330590365031312031331274402458285677563081638572382883720599282186196046608483533823720739712120092762382758124206813101015928952314835833408960456083078746116580899849811889743359253318716527623535224217277574914341453477162101109304521,
544937610110319318485732752819003299421900030583201619755186005418563198983178922830516722630658659738570688423587906326520697827239870483140381321035311084086872965680985895264808839131965351704781276541438910273061170401708989341983455583148675268945159916067944049744805262336310315984482684477033006734287,
216744037211012509915361607447276981890614637104708083303422302996997658600655325492799426696396129495740380030328486134561677905050895542824084902986133831827678164847190414920208201189028697970734101241668427915881431218718486605095651504942024880541330783245275847421981881418579001271393784051391703426641,
358625812085590413825860316781088505612223852757468112073999439178735803245018313087878704846077887688463179850461438873261474235563220723161414348183847290126780153336526214025645436877174640254582752642464699350692290355463838062957644227630261763964930791440438099097640358707938365934460765509770713422802,
329857997030576972729986815876777011654061886138716155424533348668225264710995265453134377944058890193085147694227229106567976594481366856016163332702128728982600129466565167735283489379015199424332093096162272256722421083932784837620468049877168507039726118947169347011547142986416984741443370137649949904461,
521812627987763620197812504899506910796946504850708570349667428211492401785051233252744740254058319678959842396710646375803470815528610618211136953181796072686187773678649762524131730689630306575027480171902373722358678386430941181209464823845330723780859962168995759134414896419704465387883718956885830089204,
620605218346899770429088593442355698411635752845778736545505196875522232769153705673917137123151382118878693457232039690080398947092819660645917999264381455940649845030563994094759265923737413658758514560434230280086651591011706752452769554749328591613510563389443179182520711924593818729897121279090347342924,
534016646028730727016209888504911167747835078463480349483097394578844831015450227232096300754745773717118904569821782762146568167060585024245190142726454552015507956174745334336178848983708347742569471390328051491668238788357493167057460607669219247924675410096486695085439718252206048534436114032676610106347,
88871679849011995091477347542680893996957786653924621705917895209560005458566552006873467270402185918706978818367798743110976595300781848502254399030378598802075501163781912730014790884964070072432678736909128727529050058640555516131888412874572332236693843543870582425734398659970857777429709921292338764056,
77024841353020037736072564671223528105040202905964518913084686725674447555778849580882283151820241410917813178127609045792603404416216635536183501218256797138848233777386900397758052436048023588018973775841429672943588531118120531410941119451112420484244073744860360930771612798228353879418110447613074103121,
358131172545144245017725954943677533669555698100417873957892816178502113778385580423968891034087567143540060215845324391804373505677355257229040486254496477702089813554705646138200115877254745085768546159462550014224359419574896275660358462631189412166193397952134507043404147073495973377634175173793168251233,
595636882372433751112400377321820719222073583356736222414778628384644623278463447644996314505722523949309416112422725194730843858188224367723911893838329601709038981556011159397788345709995936511801237268248578658463705897357408752571102163768839107050797667376601808299838509114230891979045461260911946415320,
395153432543738329086362624068574193255148332584492341243454102818775521905404929692387305225461869410602734064349062513722129355095148212452014041134124275764033437990333449975234478218955405224252839531173866658663372361601107447751367104423527019655871175001744848253584734158351726745551407103825286804486,
511651161619212591638982125008326295422605195202233521320827338823708335474320214987121320809834264020752488400694820412703895872293388034242395958165882000777796549830919064001864919411540442573874044781198129468230793584507078981976925332170577699344654086418908951152825866266645119298895702972413286583958,
601919715680710925447421076338078877766683489886991843150153117466383328925764100913643134608445665513170565014760605822708267601346612031986281277217875335899155526135282569237278337539198315798958944970975021604720637053079350115793916435033122479416157536224071649845398032404766802667331247026412465230897,
234820987787318061334406237477763453845428872967687650137534289159784627741552971152526376041477941966693305257682995443922827379938186523574311761092208293391813942996139561570362972331975732091581332378414745250571717259039007898729580445364373819332663464831222506646891337600543033325723536694430603794811,
564564388847953966153849841262670748320376369154008357907963983929690302350574296789978591185246923974920161797995189321841257011791368992972604074119872162539552292552362460968499190796503841035750507639233595470833894116053816701560762298879109510469040808411623441894361241720213857716595525048872499260906,
190023992656957817692909813007060815279103259429273681430127196398700351704377473750794054807013341268132331757606642253453911294388801612173064841530999650755116853772677649649669913317951539550313189351839325961495963700012333982508285993230904890545000476087981313109451079110864357972818329854737276461934,
590597067702351181983043135203878889479903130263737024839941242154123057325926009112777887235038694551309864253859910817785607380293492455212053557033975616644911248422981687394189486917578693691299595122658518879946708562394161159104748320544408107959224087679644857953504156164164979544525935685064483284685,
]